TF	statistic	pvalue	zscore	max_auc	re_rank	irwin_hall_pvalue
POU5F1	7.160	4.033e-13	3.289	0.810	0.006	1.135e-06
OTX2	7.339	1.079e-13	3.189	0.829	0.007	1.347e-06
SOX2	6.134	4.272e-10	3.082	0.876	0.012	6.880e-06
EOMES	3.362	3.864e-04	3.236	0.728	0.017	2.398e-05
RAD21	9.486	1.200e-21	3.337	0.601	0.019	2.887e-05
NANOG	4.809	7.590e-07	2.829	0.864	0.022	4.743e-05
CTCF	29.214	6.402e-188	3.393	0.568	0.025	6.640e-05
SMAD2-SMAD3	3.743	9.096e-05	3.167	0.611	0.025	6.946e-05
FOXH1	2.381	8.636e-03	3.220	0.673	0.028	9.743e-05
SMC1A	5.355	4.287e-08	3.174	0.568	0.030	1.273e-04
ATF4	3.750	8.827e-05	3.000	0.612	0.031	1.321e-04
CHD7	2.171	1.497e-02	3.174	0.734	0.031	1.369e-04
SMAD3	3.739	9.230e-05	2.485	0.899	0.037	2.241e-04
SMC3	5.230	8.467e-08	3.101	0.557	0.037	2.309e-04
SMAD2	2.025	2.144e-02	3.131	0.640	0.041	3.159e-04
TRIM28	3.147	8.243e-04	2.861	0.589	0.043	3.699e-04
NEUROD1	4.130	1.813e-05	3.542	0.517	0.045	4.091e-04
GATA4	4.478	3.773e-06	2.853	0.565	0.046	4.298e-04
SSU72	1.708	4.378e-02	3.066	0.735	0.049	5.192e-04
CTNNB1	1.716	4.305e-02	2.923	0.794	0.050	5.682e-04
POLR2AphosphoS5	3.138	8.505e-04	2.563	0.602	0.051	5.939e-04
SIX2	3.929	4.272e-05	2.813	0.548	0.051	6.069e-04
FOXA2	3.578	1.729e-04	2.648	0.584	0.052	6.202e-04
SIX1	2.853	2.166e-03	3.159	0.528	0.052	6.337e-04
NR2F1	2.584	4.889e-03	3.086	0.533	0.055	7.336e-04
ZBTB2	2.046	2.037e-02	3.391	0.529	0.059	9.283e-04
MAFK	2.254	1.209e-02	2.420	0.647	0.061	1.037e-03
SUMO1	4.971	3.325e-07	3.035	0.499	0.063	1.135e-03
SRF	3.000	1.352e-03	2.437	0.569	0.066	1.281e-03
7SK	2.694	3.530e-03	3.080	0.502	0.068	1.392e-03
ASCL1	4.579	2.337e-06	2.355	0.544	0.068	1.392e-03
SMAD1	1.784	3.725e-02	2.348	0.850	0.068	1.439e-03
POLR3D	4.802	7.869e-07	2.670	0.507	0.069	1.462e-03
STAG1	6.757	7.021e-12	2.525	0.513	0.069	1.510e-03
TP53	5.003	2.828e-07	1.847	0.642	0.071	1.635e-03
SMARCA4	2.306	1.057e-02	1.988	0.743	0.074	1.793e-03
BACH1	1.972	2.433e-02	2.461	0.585	0.077	2.078e-03
EHMT2	3.085	1.019e-03	3.095	0.488	0.078	2.170e-03
PDX1	2.022	2.158e-02	2.818	0.520	0.078	2.170e-03
CHD8	2.012	2.213e-02	2.535	0.557	0.079	2.201e-03
ZNF654	2.100	1.785e-02	2.767	0.520	0.079	2.201e-03
GTF2I	3.620	1.473e-04	2.215	0.537	0.079	2.232e-03
REST	3.427	3.050e-04	1.985	0.579	0.081	2.426e-03
ZNF680	2.303	1.064e-02	2.958	0.496	0.083	2.527e-03
5MC	3.062	1.099e-03	2.191	0.529	0.086	2.884e-03
PRDM14	1.568	5.846e-02	2.826	0.529	0.091	3.396e-03
NFE2L1	2.633	4.231e-03	2.309	0.507	0.093	3.565e-03
DMC1	1.445	7.423e-02	3.120	0.514	0.094	3.740e-03
HOTAIR	2.412	7.935e-03	2.930	0.486	0.094	3.740e-03
USF1	1.940	2.619e-02	2.109	0.586	0.094	3.740e-03
TOP1	2.492	6.355e-03	3.065	0.483	0.098	4.298e-03
TERC	2.626	4.318e-03	2.447	0.493	0.099	4.396e-03
GATA6	2.083	1.864e-02	1.977	0.559	0.100	4.445e-03
HOXC9	1.929	2.684e-02	2.571	0.502	0.100	4.445e-03
CTCFL	3.133	8.658e-04	2.018	0.506	0.103	4.856e-03
HAP1	1.542	6.150e-02	2.563	0.526	0.103	4.909e-03
NUP98-HOXA9	1.622	5.241e-02	2.272	0.544	0.103	4.962e-03
ZNF22	1.376	8.439e-02	3.116	0.502	0.103	4.962e-03
TP63	6.231	2.318e-10	1.997	0.494	0.104	5.124e-03
TBX5	2.662	3.881e-03	2.450	0.488	0.106	5.346e-03
BCL11A	1.215	1.121e-01	2.186	0.829	0.107	5.575e-03
SP4	2.455	7.042e-03	1.638	0.584	0.107	5.575e-03
CDK2	1.681	4.636e-02	3.002	0.488	0.108	5.691e-03
TEAD4	2.243	1.245e-02	1.386	0.656	0.111	6.236e-03
DUX4	1.952	2.547e-02	2.383	0.495	0.114	6.748e-03
GRHL3	2.312	1.040e-02	1.966	0.503	0.115	6.814e-03
ZNF793	1.667	4.776e-02	2.926	0.485	0.115	6.814e-03
MAML3	2.222	1.313e-02	2.313	0.489	0.115	6.880e-03
SOX11	1.565	5.874e-02	2.887	0.489	0.115	6.880e-03
MAFF	1.709	4.369e-02	3.027	0.484	0.116	6.947e-03
BMI1	2.215	1.339e-02	2.272	0.490	0.116	7.014e-03
ZIM3	1.688	4.566e-02	2.731	0.488	0.116	7.082e-03
5HMC	2.494	6.317e-03	2.857	0.471	0.119	7.497e-03
ZNF382	2.678	3.702e-03	2.569	0.473	0.123	8.300e-03
RNF2	1.958	2.513e-02	1.739	0.535	0.126	9.077e-03
ATF7IP	1.087	1.385e-01	2.647	0.532	0.127	9.158e-03
JMJD6	2.881	1.981e-03	1.519	0.514	0.127	9.238e-03
ZBTB17	2.393	8.347e-03	2.153	0.485	0.128	9.401e-03
TP73	1.977	2.400e-02	1.908	0.502	0.128	9.484e-03
ZFP57	1.879	3.015e-02	2.020	0.496	0.131	1.007e-02
ZBTB48	3.752	8.774e-05	1.518	0.497	0.133	1.051e-02
MAFG	1.652	4.927e-02	2.791	0.477	0.135	1.105e-02
DPPA2	1.268	1.024e-01	2.935	0.486	0.135	1.114e-02
IRF5	1.264	1.031e-01	2.930	0.486	0.137	1.160e-02
TET2	1.711	4.355e-02	1.783	0.512	0.137	1.160e-02
PRDM1	1.665	4.799e-02	1.837	0.511	0.138	1.170e-02
POU3F2	1.771	3.826e-02	2.068	0.490	0.138	1.179e-02
SP140	1.907	2.825e-02	1.818	0.500	0.138	1.189e-02
598-SKD	2.518	5.905e-03	1.359	0.503	0.143	1.318e-02
PAX6	1.510	6.555e-02	2.757	0.477	0.144	1.349e-02
TCF4	1.087	1.385e-01	1.647	0.760	0.145	1.359e-02
MYOD1	1.792	3.658e-02	1.895	0.490	0.145	1.381e-02
CDCA2	1.358	8.724e-02	2.088	0.499	0.146	1.402e-02
FANCD2	1.222	1.108e-01	3.072	0.481	0.146	1.413e-02
DDX5	0.976	1.645e-01	3.128	0.491	0.147	1.423e-02
ZNF467	1.454	7.300e-02	1.833	0.515	0.147	1.423e-02
GLIS1	1.986	2.350e-02	1.739	0.492	0.147	1.434e-02
MAX	2.076	1.896e-02	0.643	0.621	0.149	1.489e-02
OSR2	1.967	2.458e-02	1.930	0.484	0.150	1.523e-02
ZNF281	1.605	5.428e-02	1.462	0.536	0.150	1.523e-02
FEZF1	1.996	2.297e-02	1.901	0.483	0.152	1.592e-02
SNAI2	2.289	1.103e-02	1.647	0.486	0.153	1.627e-02
ZNF766	1.368	8.572e-02	2.903	0.471	0.154	1.639e-02
LMNA	1.212	1.127e-01	2.013	0.512	0.155	1.663e-02
MYOG	1.309	9.522e-02	2.140	0.491	0.155	1.663e-02
NME2	1.528	6.327e-02	2.564	0.470	0.157	1.736e-02
ZNF534	1.314	9.439e-02	2.027	0.492	0.158	1.773e-02
PRDM6	1.391	8.213e-02	1.765	0.505	0.158	1.785e-02
SCRT1	1.568	5.844e-02	2.774	0.463	0.158	1.785e-02
SOX4	2.032	2.108e-02	1.872	0.478	0.158	1.785e-02
TEAD1	2.213	1.346e-02	1.451	0.491	0.159	1.798e-02
KLF16	1.457	7.261e-02	2.797	0.468	0.159	1.811e-02
PAX3	1.286	9.919e-02	2.191	0.488	0.159	1.811e-02
SOX10	1.297	9.740e-02	2.143	0.490	0.159	1.811e-02
SCRT2	1.468	7.108e-02	3.071	0.461	0.159	1.823e-02
552-SKD	2.510	6.030e-03	0.913	0.505	0.161	1.862e-02
ZNF282	2.049	2.025e-02	0.929	0.518	0.162	1.914e-02
PITX3	1.229	1.096e-01	2.514	0.482	0.164	1.994e-02
PSMA7	1.625	5.213e-02	2.173	0.474	0.164	1.994e-02
NFE2	1.508	6.573e-02	1.115	0.542	0.166	2.063e-02
TRIM24	1.979	2.392e-02	2.234	0.463	0.166	2.063e-02
ZNF263	2.378	8.707e-03	1.315	0.487	0.166	2.063e-02
FOXP2	1.347	8.896e-02	2.028	0.485	0.167	2.091e-02
ZNF468	1.486	6.860e-02	1.299	0.519	0.168	2.133e-02
EBF3	1.232	1.090e-01	2.323	0.482	0.170	2.204e-02
SP1	2.145	1.596e-02	0.200	0.682	0.170	2.219e-02
ZNF2	1.606	5.414e-02	1.679	0.485	0.172	2.307e-02
SMARCC1	1.304	9.618e-02	0.973	0.596	0.173	2.322e-02
ZNF317	1.512	6.530e-02	2.252	0.469	0.173	2.322e-02
CHD5	1.248	1.060e-01	2.118	0.484	0.175	2.398e-02
ZNF425	1.125	1.302e-01	2.806	0.470	0.175	2.429e-02
DRAP1	1.221	1.110e-01	2.237	0.481	0.177	2.491e-02
ZNF182	1.188	1.174e-01	2.416	0.477	0.177	2.491e-02
TFAP4	1.442	7.466e-02	1.715	0.487	0.178	2.554e-02
ZNF384	1.065	1.435e-01	1.840	0.501	0.179	2.570e-02
LMNB1	1.164	1.222e-01	2.447	0.475	0.180	2.635e-02
ZNF479	1.138	1.275e-01	2.525	0.472	0.181	2.651e-02
SMARCE1	0.966	1.671e-01	2.480	0.485	0.181	2.684e-02
SRCAP	1.047	1.475e-01	3.211	0.461	0.182	2.717e-02
ZNF35	1.202	1.147e-01	2.180	0.479	0.183	2.750e-02
C11orf30	1.400	8.076e-02	2.593	0.458	0.184	2.818e-02
HLF	1.439	7.508e-02	2.409	0.459	0.188	2.992e-02
SSRP1	1.516	6.481e-02	2.005	0.466	0.188	3.010e-02
NEUROG2	3.293	4.958e-04	1.588	0.458	0.193	3.210e-02
ZNF93	1.105	1.345e-01	2.453	0.468	0.193	3.229e-02
TTF2	1.268	1.025e-01	1.457	0.492	0.194	3.266e-02
ZNF585A	1.127	1.298e-01	2.271	0.471	0.194	3.304e-02
ZNF485	1.057	1.453e-01	2.743	0.462	0.195	3.323e-02
GATA2	1.024	1.530e-01	1.769	0.494	0.196	3.380e-02
EGR3	1.241	1.072e-01	1.762	0.483	0.197	3.419e-02
CNOT3	1.707	4.395e-02	1.135	0.483	0.198	3.497e-02
SPIB	1.315	9.421e-02	1.954	0.468	0.198	3.497e-02
ZBTB6	1.891	2.934e-02	1.527	0.468	0.198	3.517e-02
ZBTB42	1.231	1.091e-01	1.764	0.482	0.199	3.556e-02
ZNF257	1.196	1.158e-01	1.859	0.478	0.200	3.576e-02
PRDM10	1.476	6.996e-02	1.915	0.462	0.201	3.637e-02
ZNF362	1.419	7.798e-02	2.135	0.458	0.202	3.698e-02
ZNF506	1.066	1.431e-01	2.420	0.463	0.202	3.698e-02
ZSCAN16	1.077	1.407e-01	2.053	0.475	0.203	3.780e-02
SATB1	1.294	9.789e-02	2.589	0.451	0.205	3.884e-02
ZNF17	1.024	1.530e-01	2.797	0.459	0.206	3.927e-02
ZNF341	1.903	2.855e-02	1.016	0.477	0.207	3.970e-02
TET3	1.501	6.672e-02	0.842	0.489	0.210	4.143e-02
ZNF28	1.136	1.280e-01	1.871	0.472	0.211	4.255e-02
ZNF770	1.051	1.466e-01	2.246	0.462	0.215	4.483e-02
ARID3A	1.306	9.577e-02	1.899	0.460	0.216	4.529e-02
EMX1	1.842	3.274e-02	1.034	0.469	0.216	4.529e-02
CHAT	1.225	1.103e-01	2.522	0.451	0.217	4.600e-02
FLI1	0.986	1.621e-01	0.858	0.529	0.220	4.816e-02
IKZF2	1.459	7.232e-02	1.579	0.461	0.223	4.964e-02
ZNF490	0.962	1.680e-01	2.662	0.453	0.226	5.165e-02
MAZ	2.019	2.175e-02	0.448	0.481	0.227	5.242e-02
CBX3	0.691	2.449e-01	2.084	0.485	0.228	5.320e-02
KLF15	1.985	2.355e-02	0.489	0.478	0.229	5.372e-02
KDM1B	0.963	1.677e-01	2.537	0.453	0.229	5.398e-02
ZNF563	0.990	1.611e-01	2.364	0.456	0.230	5.451e-02
NR2F6	1.421	7.768e-02	2.303	0.443	0.230	5.504e-02
ZNF740	1.515	6.486e-02	1.190	0.463	0.231	5.531e-02
KDM4A	1.607	5.401e-02	0.793	0.472	0.232	5.638e-02
HOXA9	0.919	1.791e-01	1.597	0.484	0.233	5.693e-02
WT1	1.417	7.824e-02	1.565	0.458	0.234	5.747e-02
ZNF429	0.923	1.779e-01	2.841	0.451	0.234	5.775e-02
ZNF320	1.341	9.001e-02	2.177	0.445	0.235	5.830e-02
USF2	0.885	1.881e-01	0.699	0.559	0.237	5.969e-02
E2F6	1.193	1.164e-01	-0.021	0.591	0.237	5.998e-02
WDR5	1.545	6.123e-02	0.092	0.499	0.238	6.083e-02
ZNF436	1.026	1.524e-01	1.947	0.459	0.239	6.140e-02
ESCO2	1.049	1.470e-01	1.798	0.462	0.239	6.168e-02
GATA1	1.642	5.030e-02	1.421	0.453	0.240	6.197e-02
ICE1	1.300	9.676e-02	1.840	0.451	0.241	6.284e-02
RBL1	1.059	1.449e-01	1.647	0.463	0.242	6.401e-02
ZNF778	1.033	1.508e-01	1.859	0.459	0.242	6.401e-02
CDX2	0.751	2.263e-01	1.045	0.507	0.245	6.610e-02
ZEB2	1.537	6.216e-02	1.764	0.444	0.247	6.761e-02
HEXIM1	1.308	9.536e-02	0.732	0.477	0.247	6.792e-02
RING1	0.964	1.676e-01	1.674	0.468	0.247	6.822e-02
TCF12	0.325	3.727e-01	1.018	0.654	0.247	6.822e-02
LARP7	0.750	2.266e-01	1.504	0.488	0.248	6.853e-02
TFAP2A	0.802	2.112e-01	0.787	0.521	0.249	6.915e-02
KDM5B	1.595	5.530e-02	0.633	0.466	0.250	7.040e-02
LEF1	0.710	2.387e-01	0.276	0.773	0.251	7.103e-02
ZNF549	0.927	1.770e-01	2.333	0.451	0.251	7.134e-02
ZNF519	1.173	1.205e-01	0.830	0.476	0.253	7.262e-02
TAL1	1.236	1.082e-01	1.252	0.460	0.253	7.326e-02
SP7	1.309	9.528e-02	1.487	0.452	0.254	7.391e-02
AGO1	1.167	1.216e-01	1.486	0.457	0.256	7.587e-02
ZFP2	1.343	8.969e-02	1.030	0.458	0.257	7.620e-02
MBD1	1.463	7.172e-02	1.046	0.453	0.257	7.653e-02
ZNF134	0.870	1.922e-01	2.582	0.446	0.259	7.854e-02
ZNF695	1.046	1.478e-01	1.355	0.461	0.264	8.266e-02
ZNF133	0.891	1.863e-01	2.347	0.448	0.265	8.371e-02
ING5	0.821	2.059e-01	2.667	0.443	0.268	8.620e-02
ZNF664	1.144	1.263e-01	1.794	0.445	0.268	8.656e-02
MYBL2	0.931	1.760e-01	1.923	0.451	0.268	8.692e-02
PATZ1	1.595	5.536e-02	0.340	0.464	0.269	8.728e-02
NFATC3	0.977	1.642e-01	1.617	0.455	0.270	8.874e-02
AR	0.878	1.899e-01	1.186	0.475	0.271	8.911e-02
ZNF143	1.045	1.480e-01	-0.238	0.578	0.272	9.058e-02
NFIC	0.801	2.117e-01	1.492	0.470	0.272	9.096e-02
CHD2	0.833	2.023e-01	-0.043	0.606	0.273	9.133e-02
ZNF600	1.271	1.019e-01	1.321	0.450	0.273	9.133e-02
ZKSCAN5	1.003	1.579e-01	1.450	0.457	0.275	9.321e-02
ZNF169	0.894	1.857e-01	2.078	0.449	0.275	9.321e-02
ZNF75D	0.916	1.798e-01	2.122	0.446	0.275	9.321e-02
L3MBTL2	1.107	1.341e-01	1.813	0.442	0.277	9.550e-02
MYC	1.572	5.803e-02	-0.758	0.566	0.278	9.627e-02
PKNOX1	0.959	1.687e-01	2.223	0.440	0.278	9.665e-02
MBD4	0.898	1.846e-01	1.929	0.449	0.279	9.782e-02
MITF	0.876	1.905e-01	1.288	0.465	0.281	9.979e-02
MYF5	0.940	1.737e-01	1.620	0.452	0.282	1.006e-01
FOXA1	-0.038	5.151e-01	0.992	0.596	0.288	1.071e-01
HOXB13	1.057	1.452e-01	1.497	0.445	0.289	1.083e-01
ZNF366	1.020	1.539e-01	1.119	0.454	0.289	1.083e-01
CEBPB	0.204	4.191e-01	0.495	0.608	0.289	1.088e-01
ZNF273	1.039	1.494e-01	0.796	0.460	0.289	1.088e-01
ZNF674	0.991	1.609e-01	1.022	0.456	0.291	1.104e-01
PBX3	0.458	3.235e-01	0.753	0.500	0.291	1.109e-01
ZNF528	0.896	1.852e-01	1.762	0.449	0.291	1.109e-01
HNF4G	1.040	1.491e-01	1.151	0.451	0.293	1.130e-01
ZNF44	0.894	1.856e-01	1.719	0.449	0.294	1.139e-01
ZNF808	0.789	2.150e-01	2.235	0.441	0.294	1.143e-01
ZNF610	1.249	1.059e-01	0.058	0.473	0.295	1.152e-01
BTAF1	0.921	1.785e-01	1.506	0.451	0.295	1.160e-01
ZNF786	0.981	1.632e-01	0.992	0.455	0.296	1.169e-01
UHRF2	1.030	1.515e-01	0.651	0.459	0.299	1.200e-01
EGR2	0.966	1.670e-01	0.357	0.473	0.300	1.218e-01
ZNF350	0.893	1.858e-01	1.600	0.449	0.300	1.218e-01
ZNF554	0.890	1.867e-01	1.644	0.448	0.301	1.227e-01
ZNF284	0.760	2.237e-01	2.171	0.439	0.303	1.255e-01
DACOR1	0.699	2.422e-01	2.523	0.436	0.304	1.269e-01
ATF3	0.547	2.923e-01	0.165	0.516	0.305	1.278e-01
CBX2	0.907	1.822e-01	1.431	0.449	0.305	1.278e-01
ZNF512	0.814	2.079e-01	1.951	0.440	0.308	1.311e-01
FOSL1	0.475	3.175e-01	0.451	0.498	0.308	1.316e-01
SMAD4	0.100	4.601e-01	0.312	0.606	0.308	1.316e-01
ZMIZ1	1.021	1.537e-01	1.226	0.445	0.308	1.316e-01
ZSCAN20	1.092	1.373e-01	1.236	0.441	0.308	1.316e-01
NR2F2	0.367	3.568e-01	0.540	0.498	0.309	1.325e-01
ICE2	0.887	1.877e-01	1.452	0.448	0.313	1.374e-01
ZNF92	0.794	2.136e-01	1.815	0.442	0.314	1.393e-01
DROSHA	1.105	1.346e-01	0.521	0.451	0.315	1.403e-01
ZNF692	1.114	1.327e-01	0.865	0.444	0.315	1.403e-01
TBL1X	0.951	1.707e-01	0.756	0.453	0.317	1.433e-01
GTF2F1	0.688	2.457e-01	-0.270	0.538	0.321	1.490e-01
EZH2	0.384	3.505e-01	0.374	0.493	0.322	1.505e-01
MBD2	0.638	2.617e-01	-0.169	0.519	0.323	1.510e-01
ZBTB8A	1.238	1.079e-01	0.446	0.447	0.323	1.516e-01
SCML2	1.048	1.474e-01	0.902	0.442	0.324	1.537e-01
ZNF441	0.952	1.706e-01	0.548	0.453	0.326	1.558e-01
CBFA2T2	0.758	2.243e-01	1.694	0.439	0.329	1.595e-01
HNF4A	0.896	1.852e-01	0.640	0.453	0.329	1.601e-01
RFX5	0.496	3.099e-01	-0.125	0.514	0.330	1.623e-01
HMBOX1	0.706	2.402e-01	1.847	0.436	0.332	1.650e-01
ZNF682	0.946	1.721e-01	0.866	0.444	0.333	1.661e-01
BANP	0.774	2.196e-01	1.581	0.438	0.337	1.723e-01
NFIA	0.870	1.923e-01	1.561	0.436	0.337	1.723e-01
TRIM25	0.482	3.150e-01	0.056	0.490	0.337	1.723e-01
ZNF423	1.144	1.263e-01	0.469	0.442	0.338	1.735e-01
ZNF394	1.004	1.577e-01	0.872	0.438	0.342	1.792e-01
NFYB	0.781	2.173e-01	0.239	0.463	0.343	1.816e-01
YAP1	1.029	1.517e-01	0.801	0.437	0.345	1.851e-01
ZNF780A	0.607	2.718e-01	1.994	0.432	0.345	1.851e-01
CHAMP1	0.921	1.784e-01	1.244	0.434	0.347	1.887e-01
CEBPD	0.928	1.767e-01	1.005	0.436	0.348	1.893e-01
KDM1A	-0.184	5.729e-01	0.533	0.501	0.348	1.893e-01
CTBP2	0.082	4.675e-01	-0.225	0.604	0.348	1.899e-01
EED	0.079	4.687e-01	0.893	0.475	0.348	1.899e-01
HDAC2	0.217	4.143e-01	-0.448	0.660	0.348	1.899e-01
RBBP5	0.550	2.912e-01	-0.659	0.580	0.349	1.906e-01
ZNF335	0.992	1.605e-01	0.590	0.440	0.350	1.930e-01
E2F1	1.627	5.185e-02	-0.852	0.468	0.351	1.948e-01
SP2	1.410	7.924e-02	-0.200	0.448	0.353	1.985e-01
E2F5	0.899	1.844e-01	0.999	0.436	0.354	1.998e-01
NKX2-1	0.495	3.104e-01	0.623	0.458	0.354	1.998e-01
GLIS2	1.123	1.307e-01	0.182	0.443	0.355	2.016e-01
ASXL1	0.924	1.778e-01	0.205	0.451	0.358	2.061e-01
LHX2	0.068	4.728e-01	0.462	0.484	0.359	2.080e-01
HNF1B	0.732	2.322e-01	1.132	0.438	0.360	2.099e-01
ZNF189	0.866	1.931e-01	0.493	0.446	0.360	2.105e-01
SMARCB1	0.496	3.099e-01	-0.402	0.498	0.362	2.131e-01
H2AZ	0.581	2.806e-01	-1.005	0.612	0.364	2.163e-01
TEAD2	0.807	2.098e-01	1.385	0.431	0.364	2.170e-01
ZNF26	0.568	2.850e-01	1.757	0.430	0.365	2.176e-01
NFE2L2	0.287	3.870e-01	0.082	0.483	0.366	2.202e-01
MYH11	0.899	1.842e-01	0.100	0.451	0.368	2.235e-01
ZNF18	0.684	2.469e-01	0.204	0.457	0.368	2.235e-01
CEBPG	0.425	3.353e-01	1.058	0.445	0.368	2.242e-01
ZNF574	0.823	2.054e-01	0.485	0.443	0.369	2.249e-01
ATF2	-0.422	6.635e-01	-0.055	0.651	0.370	2.275e-01
TAFII	1.054	1.460e-01	-0.193	0.450	0.371	2.295e-01
ZNF343	0.911	1.811e-01	0.061	0.450	0.371	2.295e-01
LMTK3	0.263	3.962e-01	0.983	0.451	0.372	2.302e-01
CRY1	0.537	2.958e-01	1.653	0.429	0.373	2.322e-01
MYCN	0.732	2.320e-01	0.849	0.438	0.373	2.322e-01
TAF7	0.203	4.194e-01	-0.605	0.586	0.373	2.322e-01
DDX20	0.869	1.924e-01	0.972	0.431	0.375	2.369e-01
ERCC2	0.525	2.999e-01	1.683	0.428	0.375	2.369e-01
ZNF100	0.680	2.483e-01	0.032	0.458	0.376	2.390e-01
ZNF24	0.959	1.688e-01	0.539	0.433	0.376	2.390e-01
XRN2	1.332	9.141e-02	-0.650	0.453	0.378	2.410e-01
ZNF346	0.950	1.712e-01	0.420	0.436	0.378	2.417e-01
RXRA	-0.325	6.274e-01	-0.228	0.596	0.380	2.452e-01
STAT4	-0.329	6.290e-01	0.554	0.484	0.381	2.466e-01
KDM2B	1.065	1.435e-01	-0.516	0.456	0.381	2.473e-01
SOX13	0.765	2.221e-01	0.955	0.432	0.381	2.479e-01
ZNF501	0.909	1.816e-01	0.255	0.439	0.383	2.507e-01
TBP	0.306	3.799e-01	-0.905	0.590	0.385	2.542e-01
BIRA	0.044	4.825e-01	0.993	0.451	0.385	2.549e-01
EGR1	0.277	3.908e-01	-0.844	0.584	0.386	2.563e-01
MYNN	0.512	3.043e-01	0.713	0.441	0.386	2.578e-01
KLF9	0.664	2.534e-01	-0.691	0.488	0.387	2.592e-01
MECP2	0.719	2.361e-01	-0.222	0.460	0.388	2.606e-01
ZNF765	0.545	2.929e-01	1.278	0.429	0.389	2.627e-01
MEF2B	-0.224	5.886e-01	0.576	0.472	0.389	2.634e-01
ZBTB14	0.892	1.862e-01	-0.078	0.448	0.390	2.649e-01
ZNF823	0.409	3.412e-01	1.837	0.424	0.391	2.670e-01
LDB1	0.464	3.214e-01	1.578	0.426	0.394	2.713e-01
SUMO2	-0.006	5.024e-01	0.832	0.453	0.395	2.742e-01
BRD9	0.604	2.729e-01	1.096	0.427	0.398	2.801e-01
TCF7L1	0.107	4.573e-01	0.478	0.454	0.399	2.815e-01
ZNF414	0.819	2.064e-01	0.212	0.439	0.399	2.815e-01
ZNF136	0.463	3.216e-01	1.475	0.426	0.399	2.830e-01
ZNF440	0.446	3.278e-01	1.520	0.425	0.401	2.852e-01
PCGF2	0.665	2.531e-01	0.920	0.428	0.401	2.867e-01
ZNF618	0.633	2.632e-01	0.697	0.433	0.403	2.904e-01
ZC3H8	0.700	2.418e-01	0.567	0.432	0.404	2.911e-01
IRF9	0.564	2.865e-01	1.237	0.424	0.404	2.926e-01
ZNF580	0.809	2.092e-01	0.471	0.430	0.406	2.956e-01
INTS3	0.535	2.965e-01	0.920	0.429	0.406	2.963e-01
PRDM11	0.335	3.687e-01	-0.162	0.463	0.406	2.963e-01
PBX2	0.405	3.426e-01	0.609	0.439	0.409	3.016e-01
ZFP69B	0.820	2.061e-01	0.183	0.436	0.409	3.023e-01
ZSCAN22	1.022	1.535e-01	-0.434	0.444	0.409	3.023e-01
NKX3-1	0.365	3.576e-01	1.390	0.426	0.410	3.046e-01
TIAM1	0.615	2.694e-01	0.596	0.432	0.410	3.046e-01
ZNF101	0.431	3.332e-01	1.033	0.428	0.411	3.061e-01
HNF1A	0.628	2.651e-01	0.813	0.427	0.412	3.084e-01
ZBTB7A	0.713	2.380e-01	-0.614	0.462	0.412	3.084e-01
JUN	-0.972	8.345e-01	-0.077	0.607	0.414	3.114e-01
GPS2	0.661	2.542e-01	0.400	0.434	0.415	3.137e-01
ZXDB	0.866	1.931e-01	0.159	0.432	0.415	3.145e-01
TCF7	0.296	3.835e-01	0.985	0.431	0.418	3.214e-01
ZNF783	0.818	2.066e-01	-0.212	0.443	0.418	3.214e-01
GCSAM	0.256	3.990e-01	1.808	0.417	0.421	3.260e-01
FOXP1	-0.771	7.795e-01	-0.273	0.570	0.421	3.268e-01
BAHD1	-0.803	7.892e-01	0.820	0.470	0.422	3.283e-01
POLR2H	0.740	2.296e-01	0.322	0.429	0.422	3.283e-01
ZNF697	0.147	4.416e-01	0.913	0.435	0.424	3.322e-01
AFF1	0.009	4.965e-01	-0.464	0.485	0.426	3.377e-01
ZNF573	0.333	3.696e-01	1.387	0.420	0.428	3.408e-01
ZNF76	0.527	2.991e-01	-0.444	0.454	0.428	3.408e-01
ZBTB26	0.827	2.042e-01	-0.101	0.435	0.428	3.416e-01
HIC1	0.689	2.454e-01	0.244	0.430	0.429	3.439e-01
BRD2	0.178	4.295e-01	-1.071	0.519	0.430	3.447e-01
ZNF84	0.399	3.448e-01	1.011	0.423	0.430	3.455e-01
PTTG1	0.394	3.467e-01	1.196	0.420	0.430	3.463e-01
OGT	0.654	2.565e-01	-0.653	0.458	0.431	3.487e-01
RUNX2	0.038	4.847e-01	0.756	0.438	0.433	3.518e-01
THAP11	0.677	2.493e-01	0.019	0.435	0.433	3.526e-01
BATF	-0.439	6.697e-01	0.221	0.468	0.437	3.598e-01
ERCC6	0.223	4.117e-01	0.221	0.441	0.439	3.637e-01
FOXO3	0.138	4.451e-01	-0.072	0.452	0.439	3.653e-01
H3F3B	0.281	3.894e-01	1.346	0.418	0.440	3.661e-01
SUZ12	-0.309	6.214e-01	-0.250	0.479	0.440	3.677e-01
TFDP1	0.663	2.535e-01	-0.454	0.447	0.441	3.693e-01
CBX1	0.518	3.023e-01	-0.082	0.439	0.441	3.701e-01
KMT2B	0.448	3.272e-01	0.621	0.425	0.441	3.701e-01
CLOCK	-0.026	5.105e-01	0.500	0.441	0.443	3.726e-01
DPF1	0.140	4.444e-01	0.046	0.447	0.444	3.758e-01
PRAME	0.533	2.970e-01	0.242	0.428	0.444	3.758e-01
ZTA	0.300	3.822e-01	1.284	0.416	0.445	3.774e-01
LEO1	0.477	3.167e-01	0.445	0.426	0.445	3.782e-01
KLF8	0.772	2.201e-01	-0.136	0.430	0.447	3.822e-01
ZMYND8	0.256	3.991e-01	-0.626	0.467	0.447	3.822e-01
JUND	-1.238	8.921e-01	-0.229	0.613	0.448	3.846e-01
MXI1	0.022	4.911e-01	-1.289	0.539	0.448	3.846e-01
RB1	0.762	2.231e-01	-0.402	0.439	0.448	3.846e-01
YY1	-0.417	6.616e-01	-1.082	0.641	0.449	3.863e-01
CREB1	-0.211	5.837e-01	-1.266	0.590	0.450	3.879e-01
L3MBTL4	0.489	3.123e-01	0.260	0.427	0.452	3.919e-01
SLC22A2	0.458	3.233e-01	0.469	0.424	0.453	3.952e-01
SP3	0.843	1.996e-01	-0.327	0.432	0.453	3.960e-01
ZNF547	0.027	4.892e-01	-0.542	0.469	0.453	3.960e-01
GFI1B	0.260	3.975e-01	0.578	0.425	0.456	4.017e-01
ZNF558	0.409	3.414e-01	0.266	0.427	0.457	4.034e-01
HEY1	0.670	2.514e-01	-0.351	0.437	0.457	4.050e-01
ZNF611	0.450	3.263e-01	0.294	0.425	0.459	4.074e-01
KDM6B	-0.022	5.088e-01	-0.149	0.451	0.459	4.083e-01
DPF2	-0.204	5.809e-01	0.392	0.441	0.460	4.115e-01
KLF17	0.687	2.460e-01	-0.098	0.427	0.461	4.132e-01
ZNF788	0.214	4.152e-01	0.693	0.424	0.461	4.132e-01
TAF1	-0.308	6.209e-01	-1.481	0.601	0.462	4.140e-01
FAIRE	-0.981	8.368e-01	-0.799	0.732	0.462	4.148e-01
ZNF324	0.660	2.545e-01	-0.245	0.433	0.462	4.148e-01
ERCC3	0.288	3.867e-01	0.767	0.418	0.462	4.157e-01
SON	0.366	3.572e-01	0.462	0.422	0.465	4.206e-01
H3K18me1	0.082	4.673e-01	0.355	0.432	0.465	4.214e-01
ZNF140	-0.594	7.236e-01	0.470	0.450	0.466	4.231e-01
NOTCH1	-0.653	7.432e-01	-0.763	0.527	0.466	4.239e-01
WHSC1	0.308	3.791e-01	0.765	0.416	0.467	4.264e-01
NIPBL	-1.059	8.552e-01	-0.849	0.697	0.472	4.363e-01
TTF1	0.229	4.093e-01	0.699	0.418	0.472	4.363e-01
KLF1	0.496	3.100e-01	-0.519	0.441	0.472	4.379e-01
IRF4	-0.747	7.725e-01	0.112	0.458	0.474	4.413e-01
RPE	0.667	2.523e-01	-0.472	0.434	0.475	4.437e-01
SFPQ	0.034	4.864e-01	1.477	0.409	0.475	4.437e-01
SMN1	0.032	4.874e-01	1.469	0.409	0.477	4.479e-01
RELB	-0.226	5.895e-01	0.362	0.436	0.477	4.487e-01
ZNF331	0.027	4.891e-01	1.471	0.409	0.477	4.487e-01
ZNF197	0.465	3.209e-01	0.131	0.421	0.478	4.512e-01
SIRT6	0.189	4.250e-01	0.780	0.415	0.479	4.537e-01
ZEB1	0.257	3.984e-01	-0.782	0.454	0.480	4.554e-01
CCND2	0.384	3.506e-01	0.128	0.422	0.481	4.570e-01
ILK	0.023	4.910e-01	1.031	0.413	0.483	4.620e-01
ARNT	0.057	4.772e-01	0.306	0.427	0.484	4.637e-01
NFYA	0.380	3.519e-01	-0.733	0.446	0.486	4.687e-01
DEK	0.048	4.807e-01	-0.196	0.439	0.486	4.695e-01
RYBP	0.365	3.576e-01	0.036	0.422	0.490	4.779e-01
BACH2	0.069	4.723e-01	0.278	0.424	0.491	4.804e-01
ELF3	0.205	4.188e-01	0.453	0.417	0.491	4.804e-01
KLF11	0.564	2.864e-01	-0.294	0.425	0.493	4.846e-01
XBP1	-0.338	6.324e-01	-0.798	0.473	0.493	4.846e-01
ZNF518A	0.463	3.218e-01	-0.155	0.424	0.493	4.846e-01
PHF6	0.523	3.004e-01	-0.406	0.428	0.494	4.854e-01
H2AFX	-1.015	8.449e-01	-0.039	0.465	0.495	4.896e-01
ZNF71	0.471	3.190e-01	-0.613	0.435	0.498	4.946e-01
MRE11A	0.265	3.956e-01	0.130	0.419	0.500	5.005e-01
PSIP1	0.050	4.802e-01	0.507	0.416	0.500	5.005e-01
ZFP37	0.495	3.104e-01	-0.252	0.422	0.502	5.038e-01
NR4A1	-0.101	5.401e-01	0.310	0.425	0.503	5.071e-01
REPIN1	-0.208	5.822e-01	0.336	0.426	0.504	5.080e-01
TBL1XR1	-0.011	5.046e-01	-0.168	0.434	0.505	5.105e-01
ZNF675	0.036	4.856e-01	0.742	0.409	0.506	5.138e-01
HMGN3	0.433	3.324e-01	-0.306	0.425	0.507	5.147e-01
CCNT2	0.364	3.579e-01	-0.185	0.422	0.508	5.172e-01
EBF1	-0.489	6.875e-01	0.099	0.439	0.508	5.172e-01
ZNF486	-0.355	6.385e-01	1.144	0.412	0.508	5.172e-01
KLF12	0.519	3.018e-01	-0.582	0.428	0.508	5.180e-01
CHRM2	-0.347	6.357e-01	-0.723	0.460	0.509	5.197e-01
PCGF1	0.504	3.073e-01	-0.573	0.427	0.509	5.205e-01
PROX1	-0.272	6.071e-01	-0.051	0.435	0.510	5.222e-01
ZNF438	0.178	4.295e-01	0.082	0.419	0.510	5.222e-01
DAXX	0.082	4.672e-01	0.383	0.413	0.511	5.239e-01
ZNF644	0.232	4.083e-01	-0.047	0.419	0.513	5.297e-01
BRD3	-0.113	5.451e-01	-1.255	0.470	0.515	5.339e-01
KLF4	-1.388	9.175e-01	-1.001	0.652	0.515	5.339e-01
PTRF	-0.127	5.506e-01	0.735	0.411	0.515	5.339e-01
ZNF121	0.203	4.194e-01	-0.183	0.424	0.515	5.339e-01
GATA3	-4.183	1.000e+00	0.267	0.494	0.516	5.355e-01
SETX	0.328	3.714e-01	-0.210	0.420	0.516	5.364e-01
TRIM22	0.022	4.911e-01	0.351	0.414	0.518	5.397e-01
CD59	0.255	3.994e-01	-0.064	0.417	0.519	5.430e-01
BPTF	0.357	3.607e-01	-0.304	0.421	0.520	5.439e-01
FOS	-0.736	7.690e-01	0.141	0.439	0.520	5.439e-01
RBPJ	-1.076	8.591e-01	-0.851	0.496	0.521	5.464e-01
ID3	0.235	4.070e-01	-0.001	0.414	0.522	5.489e-01
NRF1	0.079	4.684e-01	-1.122	0.451	0.524	5.530e-01
ZNF445	-0.033	5.130e-01	0.630	0.407	0.524	5.530e-01
E2F4	0.483	3.147e-01	-0.873	0.432	0.525	5.555e-01
RAD51	-0.344	6.344e-01	-0.412	0.442	0.525	5.572e-01
SPI1	-1.685	9.540e-01	-0.055	0.480	0.528	5.621e-01
MBTD1	0.350	3.633e-01	-0.414	0.421	0.528	5.630e-01
CUX1	-0.806	7.898e-01	-0.043	0.442	0.529	5.646e-01
EGLN2	0.166	4.341e-01	-0.033	0.414	0.530	5.671e-01
PPARG	-1.250	8.943e-01	-0.156	0.462	0.532	5.712e-01
MBOAT4	0.292	3.851e-01	-0.320	0.419	0.532	5.721e-01
H3F3A	-2.641	9.959e-01	-0.470	0.556	0.534	5.754e-01
TGIF2	0.322	3.738e-01	-0.501	0.422	0.535	5.787e-01
SIX5	-0.623	7.333e-01	-1.170	0.477	0.537	5.820e-01
HIRA	-1.156	8.762e-01	-0.187	0.455	0.537	5.828e-01
MTA2	-0.287	6.130e-01	0.065	0.420	0.538	5.852e-01
TSHZ1	0.111	4.557e-01	-0.258	0.420	0.538	5.852e-01
SETDB1	-1.387	9.173e-01	-1.064	0.543	0.539	5.869e-01
ING2	0.221	4.126e-01	-0.249	0.416	0.539	5.877e-01
WWTR1	-0.005	5.018e-01	0.253	0.408	0.540	5.885e-01
HIF1A	-0.498	6.908e-01	-0.580	0.447	0.540	5.902e-01
CEBPA	-1.100	8.643e-01	-0.223	0.453	0.541	5.910e-01
CBFB	-0.658	7.447e-01	-1.236	0.478	0.542	5.934e-01
FOXO1	-1.035	8.496e-01	-0.060	0.445	0.543	5.951e-01
STAT3	-0.570	7.157e-01	-0.397	0.439	0.545	6.008e-01
ADNP	0.014	4.943e-01	-0.042	0.412	0.547	6.057e-01
PIAS1	-0.873	8.087e-01	0.715	0.420	0.547	6.057e-01
SMARCA5	-0.251	5.990e-01	0.035	0.417	0.547	6.057e-01
BCL11B	0.340	3.668e-01	-0.626	0.419	0.551	6.138e-01
CHD1	-1.073	8.583e-01	-1.724	0.541	0.552	6.162e-01
HHEX	-0.206	5.815e-01	0.334	0.405	0.552	6.162e-01
EP300	-7.162	1.000e+00	-0.969	0.944	0.556	6.251e-01
KRAB	-0.052	5.206e-01	-0.408	0.422	0.557	6.267e-01
E2F7	-0.182	5.722e-01	-0.238	0.419	0.559	6.299e-01
BHLHE40	-0.147	5.584e-01	-0.882	0.437	0.560	6.331e-01
RBL2	0.155	4.385e-01	-0.889	0.428	0.560	6.339e-01
AHR	-0.334	6.308e-01	0.678	0.397	0.564	6.419e-01
TFAP2C	-1.006	8.427e-01	-0.382	0.444	0.564	6.419e-01
HBP1	0.271	3.930e-01	-0.753	0.419	0.565	6.443e-01
SIN3A	-1.105	8.654e-01	-1.960	0.565	0.567	6.482e-01
MIER1	0.005	4.979e-01	-0.215	0.410	0.568	6.498e-01
NFIL3	-0.161	5.641e-01	0.154	0.402	0.569	6.514e-01
NFRKB	0.102	4.594e-01	-0.389	0.411	0.569	6.514e-01
ZNF781	-0.384	6.497e-01	0.507	0.400	0.570	6.546e-01
BRCA1	-1.160	8.770e-01	-1.794	0.521	0.570	6.553e-01
TCF7L2	-1.335	9.091e-01	-1.293	0.499	0.571	6.561e-01
SRC	-0.406	6.576e-01	-0.563	0.430	0.574	6.624e-01
PR	-3.666	9.999e-01	-0.307	0.480	0.579	6.741e-01
ZNF800	-0.308	6.209e-01	0.029	0.405	0.579	6.741e-01
ZNF750	-0.265	6.046e-01	0.170	0.399	0.582	6.795e-01
GLYR1	0.180	4.285e-01	-0.750	0.414	0.585	6.856e-01
ZFP64	-0.651	7.425e-01	-0.623	0.435	0.585	6.856e-01
SUPT5H	0.054	4.785e-01	-1.069	0.426	0.586	6.879e-01
ZNF671	-0.031	5.125e-01	-0.312	0.407	0.587	6.894e-01
ORC1	0.194	4.231e-01	-0.809	0.415	0.587	6.902e-01
PHF8	-1.170	8.791e-01	-1.563	0.484	0.591	6.977e-01
FOXM1	-1.210	8.869e-01	-1.329	0.479	0.591	6.985e-01
PGR	-0.336	6.317e-01	0.208	0.397	0.591	6.985e-01
NR3C1	-8.389	1.000e+00	-0.718	0.494	0.592	6.992e-01
STAT5A	-0.991	8.392e-01	-0.616	0.440	0.593	7.022e-01
INSM2	0.143	4.433e-01	-0.770	0.412	0.596	7.075e-01
IKZF1	-1.719	9.572e-01	-0.279	0.452	0.596	7.089e-01
RFX1	-0.809	7.907e-01	-0.479	0.430	0.597	7.097e-01
SAP30	-0.815	7.924e-01	-1.485	0.457	0.597	7.097e-01
SETD1A	-0.093	5.370e-01	-1.057	0.426	0.598	7.119e-01
THAP1	0.143	4.430e-01	-0.855	0.413	0.598	7.126e-01
ORC2	-0.072	5.287e-01	-0.432	0.405	0.599	7.134e-01
CBX5	-0.794	7.864e-01	-0.203	0.419	0.599	7.141e-01
TCF21	-0.757	7.754e-01	0.002	0.411	0.599	7.141e-01
ESR1	-16.990	1.000e+00	-0.720	0.488	0.599	7.149e-01
ZNF589	-0.120	5.477e-01	-0.475	0.409	0.599	7.149e-01
C17orf49	-0.143	5.567e-01	-1.185	0.429	0.601	7.178e-01
KDM4B	-0.035	5.139e-01	-0.912	0.419	0.602	7.200e-01
HLTF	-0.083	5.332e-01	-0.510	0.408	0.602	7.207e-01
MYB	-1.210	8.868e-01	-0.140	0.429	0.604	7.244e-01
ARRB1	-0.393	6.530e-01	-0.153	0.401	0.609	7.330e-01
CENPA	-1.739	9.590e-01	-0.013	0.438	0.611	7.373e-01
POLR2A	-9.111	1.000e+00	-1.764	0.683	0.611	7.373e-01
RUNX3	-0.377	6.470e-01	-0.035	0.395	0.614	7.430e-01
ZNF304	-0.395	6.538e-01	-0.015	0.395	0.615	7.451e-01
BCAT1	-0.315	6.234e-01	-0.489	0.408	0.615	7.458e-01
LANA	-0.400	6.555e-01	-1.917	0.450	0.617	7.479e-01
NELFE	-3.050	9.989e-01	-1.919	0.663	0.617	7.486e-01
ZNF318	-0.667	7.475e-01	-0.465	0.417	0.618	7.507e-01
CSNK2A1	0.104	4.586e-01	-1.066	0.412	0.618	7.514e-01
CBX8	-0.078	5.312e-01	-1.015	0.417	0.619	7.521e-01
POU2F2	-0.394	6.534e-01	-0.186	0.399	0.619	7.521e-01
MEF2A	-0.621	7.327e-01	-0.462	0.414	0.622	7.590e-01
ZNF274	-1.136	8.720e-01	0.186	0.410	0.622	7.590e-01
ZKSCAN8	-0.223	5.882e-01	-0.579	0.404	0.623	7.604e-01
ZNF605	-0.365	6.426e-01	-0.200	0.396	0.625	7.631e-01
KLF13	-0.073	5.290e-01	-0.960	0.412	0.625	7.638e-01
KLF7	-0.096	5.382e-01	-1.306	0.422	0.625	7.638e-01
JARID2	-3.105	9.990e-01	-0.739	0.469	0.625	7.645e-01
ZBTB33	-1.444	9.256e-01	-1.807	0.485	0.625	7.645e-01
SF1	-0.622	7.331e-01	0.250	0.386	0.626	7.658e-01
JUNB	-1.743	9.594e-01	-1.320	0.480	0.627	7.665e-01
RCOR1	-1.010	8.437e-01	-1.545	0.453	0.627	7.665e-01
GABP	-0.058	5.230e-01	-1.144	0.416	0.627	7.672e-01
NR1H3	-0.541	7.057e-01	-0.467	0.410	0.627	7.672e-01
PAF1	-1.033	8.491e-01	-1.583	0.453	0.628	7.699e-01
UBE2I	-0.219	5.867e-01	-0.568	0.400	0.628	7.699e-01
BCOR	-0.432	6.672e-01	-0.769	0.417	0.630	7.719e-01
ZNF649	-0.563	7.131e-01	0.017	0.388	0.630	7.725e-01
ZNF280A	-0.489	6.877e-01	-0.077	0.391	0.632	7.765e-01
CTRL	-0.582	7.197e-01	-0.310	0.404	0.633	7.772e-01
ZNF202	-1.006	8.427e-01	-0.927	0.435	0.633	7.772e-01
DCP1A	-0.009	5.037e-01	-1.125	0.412	0.633	7.785e-01
KMT2A	-1.532	9.372e-01	-1.558	0.475	0.633	7.785e-01
MLLT3	-0.275	6.084e-01	-0.507	0.399	0.634	7.805e-01
BCLAF1	-0.405	6.571e-01	-0.711	0.411	0.635	7.824e-01
GTF2A2	-0.362	6.412e-01	-0.362	0.396	0.637	7.844e-01
CCDC101	-0.414	6.605e-01	-1.215	0.425	0.637	7.857e-01
HDAC8	-0.324	6.271e-01	-0.728	0.406	0.638	7.870e-01
ZNF584	-0.323	6.266e-01	-0.684	0.404	0.639	7.889e-01
CENPT	-0.831	7.972e-01	0.422	0.376	0.640	7.908e-01
PPARGC1A	-0.208	5.825e-01	-0.736	0.401	0.640	7.908e-01
RUVBL1	-0.036	5.144e-01	-1.010	0.407	0.640	7.908e-01
RUNX1	-5.029	1.000e+00	-1.056	0.475	0.641	7.921e-01
ZNF639	-0.348	6.362e-01	-1.123	0.418	0.642	7.934e-01
KDM6A	-0.432	6.673e-01	-0.259	0.393	0.643	7.953e-01
GABPA	-2.968	9.985e-01	-2.074	0.558	0.645	7.984e-01
GTF3C2	-0.376	6.464e-01	-1.623	0.428	0.646	8.009e-01
FOXK1	-1.085	8.610e-01	-0.917	0.432	0.647	8.028e-01
CREB3	-0.420	6.627e-01	-0.534	0.399	0.648	8.040e-01
CDK12	-0.273	6.076e-01	-0.717	0.399	0.649	8.058e-01
ETS1	-3.208	9.993e-01	-2.070	0.547	0.649	8.058e-01
TRAF7	-0.353	6.380e-01	-1.231	0.417	0.651	8.083e-01
ATF1	-0.864	8.063e-01	-1.502	0.437	0.651	8.095e-01
MED1	-3.372	9.996e-01	-2.327	0.609	0.652	8.107e-01
LMO1	-0.483	6.854e-01	-0.389	0.391	0.653	8.125e-01
FUS	-0.627	7.348e-01	-0.279	0.394	0.655	8.149e-01
BRD7	-0.306	6.204e-01	-0.738	0.397	0.656	8.161e-01
MEIS1	-1.063	8.561e-01	0.101	0.394	0.656	8.167e-01
BRD4	-4.041	1.000e+00	-2.165	0.561	0.656	8.173e-01
ZNF83	-0.399	6.551e-01	-1.241	0.418	0.656	8.173e-01
HCFC1	-1.117	8.680e-01	-1.563	0.443	0.660	8.226e-01
CREM	-0.793	7.861e-01	-1.092	0.422	0.661	8.243e-01
OVOL3	-0.366	6.427e-01	-1.190	0.413	0.661	8.243e-01
INO80	-0.901	8.162e-01	-1.741	0.439	0.661	8.254e-01
ERG	-2.349	9.906e-01	-1.939	0.487	0.662	8.260e-01
HINFP	-0.342	6.336e-01	-0.964	0.404	0.663	8.277e-01
ZSCAN29	-0.432	6.671e-01	-1.038	0.410	0.663	8.277e-01
KLF5	-0.960	8.314e-01	-1.364	0.432	0.663	8.283e-01
POLR2M	-0.230	5.910e-01	-1.321	0.409	0.666	8.322e-01
DEAF1	-0.139	5.552e-01	-1.212	0.403	0.667	8.334e-01
FOXJ2	-0.399	6.551e-01	-0.906	0.402	0.667	8.345e-01
ZNF264	-0.833	7.975e-01	-1.787	0.437	0.668	8.356e-01
HDAC1	-1.709	9.563e-01	-1.653	0.461	0.669	8.367e-01
TAF3	-0.096	5.381e-01	-1.350	0.405	0.670	8.383e-01
PRKDC	-0.768	7.788e-01	-0.645	0.402	0.670	8.389e-01
ELF1	-1.076	8.591e-01	-1.780	0.443	0.671	8.400e-01
EPAS1	-0.594	7.238e-01	-0.430	0.387	0.671	8.400e-01
HDAC3	-1.024	8.470e-01	-0.266	0.399	0.673	8.427e-01
DNMT1	-0.755	7.748e-01	-1.022	0.411	0.677	8.480e-01
CDK6	-0.099	5.395e-01	-1.494	0.404	0.677	8.485e-01
LIN9	-0.642	7.395e-01	-0.445	0.385	0.678	8.501e-01
ZFP28	-1.180	8.811e-01	0.083	0.383	0.684	8.577e-01
HDAC4	-0.577	7.180e-01	-0.662	0.387	0.685	8.597e-01
CDC5L	-0.568	7.148e-01	-0.927	0.399	0.686	8.612e-01
CSDE1	-0.915	8.198e-01	-1.066	0.414	0.687	8.622e-01
HSF1	-1.332	9.086e-01	-2.625	0.467	0.687	8.622e-01
MEF2D	-0.754	7.744e-01	-0.614	0.391	0.687	8.622e-01
ZNF248	-0.939	8.262e-01	-0.111	0.371	0.687	8.622e-01
HDGF	-1.310	9.050e-01	-1.259	0.433	0.688	8.627e-01
NCOA1	-0.582	7.198e-01	-0.977	0.400	0.688	8.636e-01
E2F8	-0.323	6.267e-01	-1.171	0.397	0.689	8.646e-01
CDK7	-0.778	7.818e-01	-1.093	0.409	0.690	8.661e-01
ETV4	-0.783	7.833e-01	-1.418	0.416	0.691	8.675e-01
HOXA4	-0.214	5.848e-01	-1.561	0.400	0.695	8.718e-01
TARDBP	-1.054	8.541e-01	-1.255	0.421	0.695	8.718e-01
TLX1	-0.841	7.999e-01	-0.355	0.376	0.695	8.727e-01
JMJD1C	-1.163	8.776e-01	-0.598	0.405	0.696	8.732e-01
MNT	-0.615	7.307e-01	-1.435	0.410	0.696	8.736e-01
ZMYM3	-1.716	9.570e-01	-0.927	0.431	0.696	8.736e-01
POLR2B	-0.344	6.347e-01	-1.634	0.405	0.700	8.787e-01
BCL6	-2.152	9.843e-01	-1.049	0.436	0.701	8.791e-01
UBTF	-0.810	7.911e-01	-1.825	0.425	0.701	8.791e-01
ZNF391	-0.462	6.779e-01	-1.814	0.416	0.701	8.791e-01
ZNF585B	-0.791	7.855e-01	-0.716	0.389	0.701	8.791e-01
HES1	-0.737	7.694e-01	-1.130	0.404	0.702	8.805e-01
KDM4C	-0.303	6.189e-01	-1.492	0.398	0.702	8.805e-01
PARP1	-0.877	8.099e-01	-1.636	0.421	0.703	8.827e-01
PYGO2	-0.916	8.202e-01	-0.547	0.386	0.705	8.840e-01
WRNIP1	-0.578	7.185e-01	-0.921	0.387	0.706	8.853e-01
CBX6	-0.673	7.494e-01	-1.455	0.409	0.707	8.870e-01
GTF2B	-1.337	9.095e-01	-1.592	0.434	0.707	8.870e-01
IRF1	-2.283	9.888e-01	-1.466	0.443	0.709	8.887e-01
FOSL2	-7.943	1.000e+00	-0.964	0.439	0.711	8.913e-01
NR1H2	-1.037	8.501e-01	-0.934	0.405	0.711	8.913e-01
ZNF792	-0.438	6.692e-01	-1.630	0.405	0.712	8.930e-01
KAT5	-0.823	7.947e-01	-1.415	0.409	0.713	8.934e-01
ETV1	-0.641	7.392e-01	-1.858	0.416	0.714	8.946e-01
CREBBP	-2.482	9.935e-01	-2.520	0.475	0.714	8.950e-01
ZSCAN23	-0.383	6.493e-01	-1.631	0.400	0.715	8.958e-01
ZNF768	-0.827	7.959e-01	-0.691	0.377	0.718	8.995e-01
CDK9	-3.031	9.988e-01	-2.066	0.462	0.719	8.999e-01
ZNF586	-1.182	8.814e-01	-0.072	0.357	0.720	9.014e-01
ZNF488	-1.017	8.454e-01	-0.695	0.388	0.721	9.022e-01
NFKB1	-1.254	8.952e-01	-0.857	0.407	0.722	9.038e-01
TRRAP	-0.774	7.806e-01	-1.859	0.414	0.725	9.064e-01
BANF1	-1.687	9.542e-01	-0.557	0.407	0.725	9.068e-01
H2AFZ	-1.170	8.790e-01	-2.085	0.433	0.727	9.080e-01
SRSF3	-0.516	6.970e-01	-1.529	0.397	0.727	9.087e-01
ZNF623	-0.426	6.651e-01	-1.646	0.398	0.727	9.087e-01
CBX4	-0.368	6.437e-01	-1.674	0.396	0.728	9.098e-01
ZSCAN5A	-0.554	7.102e-01	-1.655	0.400	0.728	9.098e-01
BRDU	-2.937	9.983e-01	-0.142	0.401	0.729	9.102e-01
RELA	-8.483	1.000e+00	-1.894	0.455	0.729	9.102e-01
PMEL	-0.845	8.009e-01	-1.311	0.400	0.731	9.127e-01
AFF4	-1.752	9.601e-01	-2.076	0.446	0.736	9.170e-01
RXRG	-1.468	9.289e-01	-0.946	0.409	0.737	9.181e-01
CDK8	-1.515	9.351e-01	-1.720	0.429	0.738	9.191e-01
GATAD2B	-1.455	9.272e-01	-2.369	0.443	0.739	9.201e-01
GRHL2	-2.686	9.964e-01	-0.401	0.405	0.739	9.201e-01
TAT	-1.055	8.542e-01	-0.602	0.365	0.739	9.201e-01
E2F3	-0.369	6.441e-01	-1.849	0.396	0.740	9.205e-01
ESRRA	-0.937	8.255e-01	-2.187	0.423	0.740	9.205e-01
SOX9	-0.645	7.407e-01	-1.920	0.408	0.740	9.208e-01
STAT1	-1.672	9.527e-01	-1.506	0.425	0.743	9.232e-01
ZNF287	-1.163	8.775e-01	-0.462	0.358	0.744	9.245e-01
COPS2	-0.581	7.195e-01	-1.549	0.387	0.745	9.258e-01
EPC1	-0.838	7.989e-01	-1.406	0.394	0.746	9.264e-01
RAG2	-0.595	7.239e-01	-1.553	0.387	0.749	9.290e-01
IRAK4	-0.512	6.958e-01	-1.779	0.390	0.750	9.299e-01
LMO2	-1.844	9.674e-01	-0.500	0.397	0.752	9.312e-01
FOXD2	-0.537	7.042e-01	-1.786	0.389	0.754	9.327e-01
PML	-2.541	9.945e-01	-1.733	0.434	0.755	9.339e-01
RARA	-1.857	9.683e-01	-2.065	0.439	0.756	9.342e-01
DLX2	-1.069	8.576e-01	-0.754	0.364	0.757	9.357e-01
PRDM2	-0.796	7.870e-01	-1.780	0.397	0.759	9.369e-01
ZKSCAN1	-1.342	9.102e-01	-2.033	0.425	0.760	9.381e-01
NFKB2	-1.272	8.984e-01	-0.690	0.373	0.761	9.383e-01
EBNA3	-1.190	8.829e-01	-0.617	0.356	0.763	9.403e-01
EBNA3C	-1.726	9.578e-01	-0.384	0.374	0.766	9.420e-01
MECOM	-0.864	8.063e-01	-1.285	0.375	0.767	9.428e-01
ASCL2	-0.644	7.401e-01	-1.774	0.385	0.767	9.431e-01
FOXK2	-1.514	9.349e-01	-1.539	0.413	0.769	9.442e-01
HJURP	-0.809	7.907e-01	-1.524	0.377	0.769	9.444e-01
ZNF175	-1.648	9.503e-01	-1.253	0.406	0.775	9.486e-01
ZBTB16	-0.774	7.805e-01	-1.722	0.379	0.776	9.491e-01
TSC22D4	-2.510	9.940e-01	-1.062	0.409	0.779	9.516e-01
VEZF1	-0.763	7.773e-01	-2.010	0.392	0.779	9.516e-01
DNMT3A	-1.325	9.074e-01	-1.982	0.414	0.782	9.531e-01
BCL3	-5.308	1.000e+00	-2.748	0.449	0.782	9.535e-01
IRF3	-0.879	8.103e-01	-1.781	0.387	0.783	9.538e-01
STAT2	-1.497	9.328e-01	-1.606	0.408	0.783	9.538e-01
NPAT	-0.648	7.414e-01	-1.986	0.385	0.785	9.552e-01
BATF3	-1.341	9.100e-01	-0.641	0.345	0.786	9.561e-01
BARX2	-0.856	8.040e-01	-1.683	0.375	0.788	9.570e-01
PTPN11	-0.616	7.311e-01	-2.126	0.386	0.790	9.584e-01
RBCK1	-0.836	7.984e-01	-1.785	0.376	0.791	9.590e-01
KDM5C	-0.966	8.329e-01	-2.299	0.405	0.793	9.599e-01
ZFX	-1.248	8.940e-01	-1.809	0.400	0.793	9.601e-01
MED12	-1.419	9.220e-01	-1.535	0.399	0.793	9.603e-01
ZBTB11	-1.511	9.346e-01	-1.773	0.408	0.794	9.605e-01
HOXA2	-0.941	8.267e-01	-1.645	0.371	0.795	9.614e-01
NELFA	-1.264	8.969e-01	-1.833	0.400	0.798	9.626e-01
ZNF641	-0.915	8.199e-01	-1.958	0.386	0.800	9.639e-01
KLF10	-1.121	8.688e-01	-1.948	0.397	0.801	9.647e-01
GLI4	-0.909	8.184e-01	-2.072	0.388	0.802	9.650e-01
NBN	-2.385	9.915e-01	-2.149	0.426	0.802	9.652e-01
ZFAT	-1.215	8.879e-01	-1.087	0.355	0.803	9.654e-01
OLFM2	-1.935	9.735e-01	-0.572	0.354	0.804	9.660e-01
RUNX1T1	-2.155	9.844e-01	-0.943	0.387	0.805	9.664e-01
HMG20A	-1.394	9.184e-01	-0.805	0.339	0.805	9.666e-01
MEF2C	-1.174	8.797e-01	-1.241	0.357	0.805	9.666e-01
PAX5	-2.710	9.966e-01	-0.904	0.391	0.805	9.668e-01
TERF1	-1.301	9.034e-01	-0.995	0.349	0.805	9.668e-01
CAMTA2	-1.064	8.562e-01	-1.541	0.364	0.806	9.670e-01
MCM3	-1.178	8.805e-01	-1.588	0.378	0.806	9.670e-01
PRDM12	-1.398	9.190e-01	-0.794	0.339	0.806	9.674e-01
NR2C2	-2.342	9.904e-01	-1.854	0.415	0.808	9.681e-01
DNMT3B	-1.173	8.796e-01	-2.058	0.398	0.809	9.688e-01
NCAPG2	-1.416	9.216e-01	-0.819	0.337	0.810	9.692e-01
ASH2L	-1.446	9.259e-01	-1.237	0.374	0.812	9.699e-01
CALU	-1.718	9.571e-01	-0.816	0.360	0.812	9.699e-01
CPSF3L	-1.095	8.632e-01	-2.054	0.391	0.812	9.699e-01
EZH1	-1.175	8.800e-01	-1.939	0.392	0.812	9.699e-01
LYL1	-3.104	9.990e-01	-0.670	0.376	0.812	9.699e-01
ZNF16	-1.346	9.108e-01	-1.525	0.382	0.813	9.706e-01
ZBTB1	-0.850	8.024e-01	-2.279	0.388	0.813	9.708e-01
ZNF239	-1.147	8.742e-01	-1.975	0.389	0.813	9.708e-01
TBX21	-2.044	9.795e-01	-0.910	0.371	0.816	9.718e-01
KDM3A	-1.193	8.836e-01	-1.785	0.382	0.816	9.720e-01
GTF2E2	-0.928	8.233e-01	-1.997	0.371	0.816	9.722e-01
GATAD1	-0.903	8.168e-01	-2.368	0.390	0.817	9.725e-01
KAT8	-1.597	9.449e-01	-1.650	0.396	0.818	9.728e-01
DDX21	-0.965	8.328e-01	-1.941	0.370	0.819	9.732e-01
NR5A2	-1.864	9.688e-01	-0.958	0.370	0.819	9.733e-01
HOXA6	-0.793	7.862e-01	-2.318	0.378	0.819	9.735e-01
POLR3A	-1.309	9.047e-01	-2.082	0.399	0.820	9.738e-01
DIDO1	-1.289	9.013e-01	-1.650	0.377	0.821	9.740e-01
SPIN1	-0.973	8.347e-01	-1.979	0.369	0.823	9.749e-01
ZBTB10	-0.968	8.334e-01	-2.034	0.370	0.825	9.757e-01
POU2F1	-1.563	9.410e-01	-0.834	0.319	0.826	9.762e-01
AGO2	-0.866	8.069e-01	-2.223	0.374	0.826	9.763e-01
ZNF146	-1.179	8.809e-01	-2.284	0.397	0.829	9.774e-01
NFYC	-1.006	8.429e-01	-2.008	0.368	0.829	9.775e-01
E2F2	-1.062	8.559e-01	-1.918	0.364	0.830	9.778e-01
BARX1	-0.942	8.268e-01	-2.147	0.371	0.831	9.783e-01
SNAPC1	-1.092	8.625e-01	-1.888	0.362	0.832	9.787e-01
EBNA2	-1.406	9.202e-01	-1.160	0.338	0.832	9.788e-01
PBX1	-1.382	9.166e-01	-2.003	0.391	0.832	9.788e-01
CENPC	-1.732	9.583e-01	-0.679	0.151	0.834	9.792e-01
MCM7	-1.839	9.670e-01	-1.210	0.369	0.835	9.797e-01
USP49	-1.478	9.303e-01	-1.087	0.331	0.835	9.797e-01
ZNF260	-1.110	8.665e-01	-1.894	0.361	0.835	9.798e-01
STAT5B	-3.601	9.998e-01	-1.514	0.399	0.836	9.802e-01
ZNF707	-1.941	9.738e-01	-1.316	0.378	0.837	9.805e-01
TLE3	-1.614	9.467e-01	-0.924	0.309	0.837	9.806e-01
GMEB2	-1.329	9.081e-01	-1.916	0.378	0.839	9.811e-01
GLI2	-0.983	8.373e-01	-2.991	0.387	0.839	9.814e-01
ZNF837	-1.335	9.091e-01	-1.919	0.380	0.839	9.814e-01
ELL2	-1.843	9.674e-01	-2.056	0.404	0.840	9.816e-01
ZNF280D	-0.954	8.300e-01	-2.797	0.383	0.841	9.820e-01
NKRF	-1.425	9.230e-01	-2.046	0.388	0.844	9.828e-01
NCOR1	-1.488	9.316e-01	-2.416	0.403	0.844	9.829e-01
LRWD1	-1.729	9.581e-01	-0.826	0.229	0.844	9.830e-01
VDR	-3.308	9.995e-01	-2.107	0.413	0.845	9.834e-01
DLX1	-1.006	8.428e-01	-2.261	0.368	0.846	9.835e-01
PLRG1	-2.448	9.928e-01	-0.667	0.209	0.847	9.837e-01
NCOR2	-1.872	9.694e-01	-1.162	0.353	0.848	9.842e-01
ZBTB40	-2.599	9.953e-01	-2.393	0.416	0.848	9.843e-01
ATOH1	-1.087	8.614e-01	-2.131	0.362	0.850	9.847e-01
TERF2	-1.497	9.328e-01	-1.272	0.329	0.850	9.847e-01
ZNF217	-1.605	9.457e-01	-1.140	0.311	0.851	9.851e-01
CD34	-1.674	9.529e-01	-1.850	0.383	0.852	9.854e-01
ARNT2	-1.060	8.554e-01	-2.263	0.365	0.853	9.857e-01
SND1	-2.572	9.949e-01	-1.062	0.349	0.855	9.864e-01
SREBF1	-2.167	9.849e-01	-2.725	0.411	0.855	9.864e-01
ZNF597	-1.543	9.386e-01	-1.281	0.322	0.856	9.866e-01
ZNF701	-1.249	8.941e-01	-1.901	0.352	0.857	9.867e-01
ZNF430	-1.637	9.492e-01	-1.205	0.303	0.857	9.868e-01
APOBEC3B	-1.367	9.142e-01	-1.715	0.342	0.858	9.872e-01
ZNF354C	-1.664	9.520e-01	-1.188	0.295	0.859	9.874e-01
ETV5	-1.590	9.441e-01	-1.881	0.371	0.861	9.879e-01
NFAT5	-1.125	8.697e-01	-2.227	0.360	0.861	9.879e-01
HES2	-7.199	1.000e+00	-1.070	0.359	0.863	9.883e-01
CREB3L4	-1.205	8.858e-01	-2.083	0.355	0.864	9.886e-01
ZXDC	-1.328	9.080e-01	-1.868	0.346	0.865	9.889e-01
YBX1	-3.634	9.999e-01	-0.992	0.343	0.866	9.891e-01
MLLT1	-2.892	9.981e-01	-2.206	0.401	0.871	9.904e-01
ZNF292	-1.654	9.509e-01	-1.424	0.299	0.871	9.904e-01
FOXG1	-1.172	8.793e-01	-2.332	0.357	0.873	9.908e-01
ELK3	-1.112	8.670e-01	-2.686	0.361	0.874	9.909e-01
CASP8AP2	-1.200	8.849e-01	-2.271	0.355	0.875	9.912e-01
ETV6	-2.308	9.895e-01	-1.215	0.313	0.875	9.912e-01
ZBED1	-2.167	9.849e-01	-1.422	0.339	0.875	9.912e-01
ZNF48	-1.674	9.529e-01	-1.445	0.291	0.875	9.912e-01
MXD3	-1.228	8.902e-01	-2.238	0.354	0.877	9.916e-01
RAC3	-1.327	9.078e-01	-2.059	0.346	0.877	9.916e-01
ARNTL	-1.506	9.340e-01	-2.353	0.382	0.877	9.917e-01
KMT2D	-2.900	9.981e-01	-2.223	0.400	0.877	9.917e-01
SIX4	-1.681	9.537e-01	-1.473	0.289	0.878	9.918e-01
HDAC6	-1.614	9.468e-01	-2.303	0.385	0.880	9.922e-01
HMGN1	-1.285	9.006e-01	-2.190	0.350	0.881	9.924e-01
FEV	-1.230	8.907e-01	-2.290	0.354	0.881	9.924e-01
IL1B	-2.940	9.984e-01	-1.697	0.369	0.883	9.927e-01
MBD3	-2.708	9.966e-01	-1.908	0.379	0.883	9.928e-01
TDRD3	-1.313	9.054e-01	-2.162	0.348	0.883	9.928e-01
ASH1L	-1.213	8.875e-01	-2.475	0.355	0.884	9.929e-01
ETS2	-1.737	9.588e-01	-2.231	0.385	0.884	9.930e-01
KLF6	-1.163	8.776e-01	-3.374	0.358	0.886	9.933e-01
ELK1	-2.995	9.986e-01	-2.271	0.398	0.887	9.936e-01
STAT5	-3.146	9.992e-01	-1.601	0.357	0.890	9.940e-01
SREBF2	-1.397	9.188e-01	-2.138	0.339	0.893	9.945e-01
GREB1	-3.758	9.999e-01	-1.219	0.300	0.895	9.948e-01
MAFB	-1.243	8.931e-01	-2.863	0.352	0.896	9.950e-01
RFX2	-1.269	8.979e-01	-2.713	0.351	0.896	9.950e-01
SMARCC2	-1.510	9.345e-01	-2.373	0.364	0.896	9.950e-01
ZFP41	-2.186	9.856e-01	-1.750	0.329	0.899	9.954e-01
REL	-1.821	9.657e-01	-2.219	0.365	0.901	9.956e-01
RBP2	-1.502	9.335e-01	-2.095	0.328	0.902	9.958e-01
CD74	-2.961	9.985e-01	-1.497	0.292	0.905	9.961e-01
PPARD	-1.311	9.050e-01	-3.138	0.348	0.906	9.963e-01
ZNF138	-1.512	9.347e-01	-2.141	0.327	0.907	9.964e-01
ZBTB7B	-1.357	9.127e-01	-2.753	0.343	0.910	9.967e-01
BRD1	-1.386	9.172e-01	-2.682	0.340	0.910	9.967e-01
AEBP2	-1.855	9.682e-01	-2.101	0.348	0.910	9.968e-01
ETV7	-1.395	9.185e-01	-2.644	0.339	0.911	9.968e-01
PHF2	-1.680	9.536e-01	-2.669	0.362	0.913	9.970e-01
GRHL1	-1.573	9.421e-01	-2.170	0.318	0.915	9.972e-01
MAF	-2.678	9.963e-01	-2.651	0.381	0.917	9.974e-01
GMEB1	-1.610	9.463e-01	-2.214	0.310	0.919	9.976e-01
KLF3	-1.484	9.311e-01	-2.664	0.330	0.921	9.977e-01
ZNF8	-1.940	9.738e-01	-2.787	0.369	0.921	9.977e-01
NONO	-2.413	9.921e-01	-1.854	0.276	0.921	9.978e-01
ZSCAN2	-1.711	9.565e-01	-2.067	0.271	0.921	9.978e-01
KAT7	-1.460	9.278e-01	-2.795	0.333	0.922	9.978e-01
HOXA1	-1.518	9.355e-01	-2.465	0.326	0.923	9.979e-01
EHF	-2.353	9.907e-01	-2.586	0.367	0.923	9.980e-01
NCAPG	-2.681	9.963e-01	-2.116	0.352	0.924	9.980e-01
NFATC1	-1.979	9.761e-01	-2.841	0.365	0.925	9.981e-01
SPDEF	-2.466	9.932e-01	-3.775	0.377	0.925	9.981e-01
FOXP3	-2.423	9.923e-01	-1.916	0.272	0.926	9.982e-01
WDHD1	-1.843	9.673e-01	-2.541	0.350	0.926	9.982e-01
RARG	-2.468	9.932e-01	-2.171	0.347	0.928	9.983e-01
ZNF207	-3.398	9.997e-01	-1.788	0.297	0.928	9.983e-01
SMAD5	-2.041	9.794e-01	-2.239	0.336	0.930	9.984e-01
MTA3	-2.589	9.952e-01	-3.203	0.374	0.931	9.985e-01
YBX3	-2.079	9.812e-01	-2.260	0.332	0.932	9.986e-01
ZNF75A	-1.669	9.525e-01	-2.327	0.293	0.932	9.986e-01
ELF2	-1.712	9.565e-01	-2.231	0.270	0.934	9.987e-01
IRAK1	-1.525	9.364e-01	-3.202	0.325	0.935	9.988e-01
RBBP4	-1.568	9.415e-01	-3.106	0.319	0.937	9.989e-01
KDM5A	-3.182	9.993e-01	-2.112	0.326	0.944	9.992e-01
BRPF3	-2.425	9.923e-01	-2.861	0.347	0.947	9.993e-01
CTBP1	-2.531	9.943e-01	-2.565	0.335	0.949	9.994e-01
ZNF687	-2.221	9.868e-01	-3.059	0.319	0.957	9.996e-01
ELK4	-3.077	9.990e-01	-2.484	0.330	0.957	9.996e-01
MEN1	-2.385	9.915e-01	-2.570	0.287	0.958	9.997e-01
ZNF592	-2.355	9.907e-01	-2.969	0.303	0.961	9.997e-01
